%YAML:1.0
body_T_cam0: !!opencv-matrix
   rows: 4
   cols: 4
   dt: d
   data: [ -3.0597105734350372e-02, -5.8927835241672222e-03,
       9.9951442822153314e-01, 4.7302157421591003e-02,
       -9.9953144626651957e-01, -6.5966180705800959e-04,
       -3.0601515822914926e-02, 2.2936545354189812e-02,
       8.3966960215681175e-04, -9.9998241981978753e-01,
       -5.8698386963871307e-03, 6.1639590858913150e-02, 0., 0., 0., 1. ]